0 0 
0.0 0.0 
0.0 0.0 
0.0005083 0.0 
0.0005083 0.0 
0.0005083 0.0 
0.0005083 0.0 
0.0005083 0.0 
0.0020332 0.0 
0.0020332 0.0 
0.0020332 0.0 
0.0025415 0.0 
0.0025415 0.0 
0.0025415 0.0005083 
0.0030498 0.0005083 
0.0030498 0.0005083 
0.0030498 0.0005083 
1.092845 0.5098249 
1.092845 0.5098249 
1.092845 0.5098249 
1.1197849 0.5230407 
1.1197849 0.5230407 
1.1197849 0.5230407 
1.1197849 0.5230407 
1.1197849 0.5230407 
1.1202932 0.5230407 
1.489319 0.7934563 
1.5177838 0.8142966 
1.5137174 0.8112468 
1.5132091 0.8107385 
1.5127008 0.8107385 
1.5127008 0.8107385 
1.5121925 0.8102302 
1.5121925 0.8097219 
1.5569229 0.8636017 
1.5569229 0.8636017 
1.5569229 0.8636017 
1.565564 0.8737677 
1.5620059 0.869193 
1.5620059 0.869193 
1.8369962 1.3307294 
1.8436041 1.341912 
1.8420792 1.3378456 
1.8410626 1.3373373 
1.8420792 1.3393705 
1.8420792 1.3403871 
1.8420792 1.3378456 
1.8420792 1.3388622 
1.8420792 1.3383539 
1.8420792 1.3378456 
1.8420792 1.3378456 
1.8420792 1.3378456 
1.8420792 1.3378456 
1.8420792 1.3378456 
1.8425875 1.3378456 
1.8425875 1.3373373 
1.8425875 1.3373373 
1.8425875 1.3373373 
1.8425875 1.3373373 
1.8425875 1.3373373 
1.8425875 1.3373373 
1.8425875 1.3373373 
1.8425875 1.3373373 
1.8425875 1.3373373 
1.8425875 1.3373373 
1.8425875 1.3373373 
1.8425875 1.3373373 
1.8425875 1.3373373 
1.8425875 1.3373373 
1.8425875 1.3373373 
1.8425875 1.3373373 
1.8425875 1.3373373 
1.8430958 1.3373373 
0.2048449 1.0099921 
0.1921374 1.0069423 
0.1967121 1.0079589 
0.1972204 1.0084672 
0.1972204 1.0084672 
0.1972204 1.0084672 
0.1972204 1.0084672 
0.1972204 1.0084672 
0.1972204 1.0084672 
0.1972204 1.0084672 
0.1972204 1.0084672 
0.1972204 1.0084672 
0.1972204 1.0084672 
0.1972204 1.0084672 
0.1972204 1.0084672 
0.1972204 1.0084672 
0.1972204 1.0084672 
0.1972204 1.0084672 
0.1972204 1.0084672 
0.1972204 1.0084672 
0.1972204 1.0084672 
0.1972204 1.0084672 
0.1972204 1.0084672 
0.1972204 1.0084672 
0.1972204 1.0084672 
0.1972204 1.0084672 
0.1972204 1.0084672 
0.1972204 1.0089755 
0.1972204 1.0089755 
0.2810899 0.6211426 
0.2856646 0.6008106 
0.2988804 0.5448976 
0.3039634 0.5255822 
0.3136211 0.4920344 
0.3126045 0.4955925 
0.3126045 0.4966091 
0.3126045 0.4966091 
0.3126045 0.4966091 
0.3126045 0.4961008 
0.3126045 0.4961008 
0.3126045 0.4961008 
0.3126045 0.4961008 
0.3126045 0.4961008 
0.3126045 0.4955925 
0.3126045 0.4955925 
0.3126045 0.4955925 
0.3131128 0.4950842 
0.3131128 0.4950842 
0.3131128 0.4950842 
0.3131128 0.4950842 
